2222222222222222222222222222222222
2300000111111111100000001000011122
2310000000000000000000000000011112
2300000000000000000111111000011112
2300011111111111100000000000011132
2300000000000000000000000000011142
2311111110000111100000000000011152
2300000000000044444444444000011162
2300000000700000000000003000011112
2300011111111111100000003000011112
2310011111111111100000003000011102
2300011111111111100000003000011112
2300011111111111100032222000011102
2300011111111111100030000000011112
2303011111111111100030000000011102
2013011111111111100030000000011112
2003011111111111100030000000011102
2003011111111111100030000000011112
2003011111111111100030110000011112
2003011111111111100030000000011102
2003011111111111100031000000011172
2003011111111111100031100000111322
2222222222222222222222222222222222