0222222222222222222222222222222222
2000000000000000000000000000000002
2311111111100000000011111111111132
2300000000000000000000000000000032
2300000000000000000044444440000032
2300004444444444444300000001111112
2300000000000000000300000000000002
2300000000000000000300000000000002
2111111100000000000300000000000002
2000000000000000000111111111111132
2000000000000000000000000000000032
2000000000000000000000000000000032
2000000044444400000044444444444432
2311111100000011111100000000000032
2300000000000000000000000000000032
2300000000000000000000000000000032
2300000000000444444440000000000032
2311111111111000000001111111111112
2300000000000000000000000000000002
2300000000000000000000000000000002
2300000000000000p00000000000000002
2111111111111111111111111111111112
2222222222222222222222222222222222