3222229222222222222222222222222222
2300005000000000034444434444000002
23000050000g0000030000030000070002
2322222222111111110000030011111102
2300444400000000000000111100000002
2300000011111111111111113111000002
2300000000000000000000003444000002
2300000000000000444444443000070022
2300000000000000000000003011121112
2300000000000000000111003000000002
23000000000000070000111130000g0002
2311111111111111111111113222111132
2344444444444444000000003000000032
2300000000030000000000003000000032
23000110000000000g0000003000000032
2300010000100131111110003111111132
2300010000100130077710003444444432
2300013111100111111110003000000002
2300003000000000000300003011111112
2300003000000000000000003010700112
23000030000220000000p0003011111112
2111111111111112221111111111111112
2222222222222222222222222222222222