2222292222222222222222222222222222
2000050004444444444440000007000002
2111111110000000070001111111111132
2000000000000000000000000000000032
2000000000000000000000000000000032
20004444444440000g0000000000000032
2000000000000111111130000000000032
2000000000000000000030000000000032
2000000000000000000030000000000032
2000000000000000000030000000000032
2000000000000000000030000000700032
2111111000000000000031111111111132
2000000000000000000030000000000032
2000000000000000000030000000000032
2000000000000000000030000000000032
2000000000000g00070030000000000032
2000000031111111111110000000000032
2000000030000000000000000000070032
2000000030000000000000000031111112
2000000030000000000000000030000002
2007000030000000p00000000030000002
2111111111111111111111111111111112
2222222222222222222222222222222222